25661267628864440388263768103502248448292200504486726302835065559112700752035840000000000000 2373624
661267628864440388263768102502248448292200504486726302835065559112700752035840000000000000 2377624
1038569435196120738115680641407452759195648000000 618569201250
1038569435196120748115680641407452759195648000000 618569201256
16735696923271164363960947730853898530926983554930089730006451093417267967295488000000000000000 419328000
16735696923271164363960947730833898530926983554930089730006451093417267967295488000000000000000 419398000
547383599694403843156536528253782908745274593289314559328256000 32
547383599694403843156536518253782908745274593289314559328256000 42
6154824614400 99489600
6154824614480 91489600
6246008334680400 73830933
6246008334680410 43830933
46528630298388725760 904176
46828630298388725760 304176
172337124165485053542226168377507840000000 30083961600000
172337124165485053542226168377307840000000 30013961600000
1610461375346465832960 360
1610461375347465832960 369
93727278949972731069726720000 22134983270400
93727278949972731069726729000 22134993270400
643142205793953886208195412262708173893972325759906523581359880929280000000000 13876036
643142205793953886208195412262708173893972325759906523581359880929280300000000 13873036
124969720659119974087812237691435154288637484283771705845938105876480000 113833874880
124969720659119974087812237691435154288637404283771705845938105876480000 113835874880
361436714618507349921792000000 688905
361436714618507349921792000200 608905
10475573448734824173314452175231179559541889710788129587200000000 13240188149760
10475573448734824173314452195231179559541889710788129587200000000 93240188149760
15002167928003109769627005723845226930661193311699297370112000000 9097216128
15002167928003109769627005723845226930661196311699297370112000000 9067216128
17721059241221345378779684741184527359286313372057659402194801131520000000000000 954652720
17721059241221345378779684741184527359286313172057659402194801131520000000000000 934652720
820609479743990743598014827307501718649640495591321697855230307126635775112627812491591680000000 25839729727812
820609479743990743598014827309501718649640495591321697855230307126635775112627812491591680000000 25839729707812
733677471193409592385536000 25974000
2155689697588130304063321276191314343362560000000 1270516812018300
2155629697588130304063321276191314343362560000000 1270516812518300
10858001862922040321257647279397697896133357144251564032000000000000000 1480066560
10858001862922040321257647279397697896133317144251564032000000000000000 1480066567
43749770501444002308594162828572122035614782586880000 65256263331840
43749770501444002308694162828572122035614782586880000 65256264331840
6201015238448941205588067547250234720930803276997171852869632000000000000000 1366419600
6201015238448941205588067547250234720930803276997171852869632000000000000090 1386419600
6150240341161109614080000 82
6152240341161109614080000 12
823467046442583228875660730634153131762474024960000000000 8850
823367046442583228875660730634153131762474024960000000000 8851
1041682096115189651865600000 28800
1041682096116189651865600000 28500